pos1	pos2	distance	coupling_strength
3037	23403	20366	0.6676300000000001
241	23403	23162	0.6471439999999999
14408	23403	8995	0.645951
28882	28883	1	0.479171
28881	28883	2	0.474068
8782	28144	19362	0.421372
17858	18060	202	0.325127
1059	25563	24504	0.320006
17747	17858	111	0.309238
18060	28144	10084	0.23157800000000006
14805	26144	11339	0.206341
11083	26144	15061	0.179438
1440	2891	1451	0.174023
3037	8782	5745	0.15404600000000002
2480	2558	78	0.13808800000000002
14408	25563	11155	0.129665
